Quality of Service:
	Total: 3624762.4693079665
	Average: 819.53
	Median: 830.7523101121847
	Maximum: 1630.8213538456523

