Quality of Service:
	Total: 1724767.3200110563
	Average: 380.91
	Median: 419.97302724451566
	Maximum: 662.9389050463918

