Quality of Service:
	Total: -10112.967698453052
	Average: -2.23
	Median: -2.2240943572906655
	Maximum: 0.4683150183150184

