Quality of Service:
	Total: 4036088.264608398
	Average: 891.36
	Median: 899.5240578067766
	Maximum: 1781.8351108630952

