PENDING:
	Total: 597293.1328519222
	Average: 131.91
	Median: 146.55172413793102
	Maximum: 159.1928251121076

IN_PROGRESS:
	Total: 0.0
	Average: 0.00
	Median: 0.0
	Maximum: 0.0

COMPLETED:
	Total: 49830795.95920433
	Average: 11005.03
	Median: 7047.101449275362
	Maximum: 84284.61538461538

FAILED:
	Total: 0.0
	Average: 0.00
	Median: 0.0
	Maximum: 0.0

