PENDING:
	Total: 417105.7123694134
	Average: 92.12
	Median: 111.33603238866397
	Maximum: 139.02439024390242

IN_PROGRESS:
	Total: 0.0
	Average: 0.00
	Median: 0.0
	Maximum: 0.0

COMPLETED:
	Total: 156706457.276246
	Average: 34608.32
	Median: 28229.302325581397
	Maximum: 157000.0

FAILED:
	Total: 0.0
	Average: 0.00
	Median: 0.0
	Maximum: 0.0

