Quality of Service:
	Total: -1580.8126151860693
	Average: -0.35
	Median: -0.36691756136715115
	Maximum: 1.5408168220668221

