Quality of Service:
	Total: 2348054.4070609305
	Average: 518.56
	Median: 527.9818359537261
	Maximum: 1043.9416954216654

