Quality of Service:
	Total: 1377147.4407194348
	Average: 304.14
	Median: 292.52640523538963
	Maximum: 738.409553909632

