PENDING:
	Total: 426630.88115784165
	Average: 94.22
	Median: 106.6914498141264
	Maximum: 145.10739856801908

IN_PROGRESS:
	Total: 0.0
	Average: 0.00
	Median: 0.0
	Maximum: 0.0

COMPLETED:
	Total: 156044063.05591032
	Average: 34462.03
	Median: 26651.775147928995
	Maximum: 168200.0

FAILED:
	Total: 0.0
	Average: 0.00
	Median: 0.0
	Maximum: 0.0

