Quality of Service:
	Total: 2291954.3977527553
	Average: 505.73
	Median: 530.961274828155
	Maximum: 956.9359539100102

