Quality of Service:
	Total: -6811.5805990869385
	Average: -1.50
	Median: -1.455036192106753
	Maximum: 0.4683150183150184

