Quality of Service:
	Total: 2316846.21669769
	Average: 511.67
	Median: 572.9598520205991
	Maximum: 908.9383398862908

