Quality of Service:
	Total: 4035348.048488713
	Average: 891.20
	Median: 896.5211443452381
	Maximum: 1778.7208035714286

