Quality of Service:
	Total: 4039066.2643376677
	Average: 892.02
	Median: 900.0862459155428
	Maximum: 1785.7109713203463

