Quality of Service:
	Total: -6159.823059051077
	Average: -1.36
	Median: -1.4643899699154659
	Maximum: 1.4683150183150184

