Pending:
	Total: 0.0
	Average: 0.00
	Median: 0.0
	Maximum: 0.0

In Progress:
	Total: 494924.0662115421
	Average: 109.30
	Median: 109.09090909090908
	Maximum: 300.0

Completed:
	Total: 128748248.95447837
	Average: 28433.80
	Median: 26839.099526066348
	Maximum: 101500.0

Failed:
	Total: 0.0
	Average: 0.00
	Median: 0.0
	Maximum: 0.0

