Quality of Service:
	Total: 2064332.1017883902
	Average: 466.73
	Median: 431.9681750293238
	Maximum: 944.9483166420956

